1
10
0.4614152072269774 0.7176663256240374 0.5074002250247485 0.8235281685062336
0.5270870500196085 0.7320405930487413 0.5762440106861563 0.7498523876960009
0.2837464780091655 0.25501623193554657 0.84672902080266 0.9787013833323993
0.9909902259488502 0.3491938153490265 0.9993336612762963 0.6895796050155378
0.03274949750483225 0.7638326298197453 0.5732070834028112 0.9698929178359541
0.3495182699340098 0.4287471178968141 0.5097722903881657 0.87708701555172
0.2752170798915262 0.31281517370999534 0.543225787098226 0.6055086101848787
0.22492796654621705 0.3551211152369076 0.6483729415814022 0.8749942162252317
0.21827681894489803 0.9144160200686241 0.516944266965834 0.94639593976165
0.7100812939417117 0.4381624583140822 0.8871550508234463 0.7765299481275498
