3
10
0.23387773946993695 0.10939517587074044 0.2804311886121551 0.9323220163779723
0.1522327623575368 0.3010272304473247 0.20934779909397494 0.3013785048525808
0.6888489366996848 0.5527814513585202 0.8640040009381711 0.9024480233506675
0.05017340096830636 0.5793541892243038 0.20822474299468813 0.6273412809393193
0.442757068889462 0.903697251967079 0.6206486768181181 0.9923846023193156
0.11810617733436668 0.2335622094571851 0.4078943596707977 0.6183784706653375
0.15992441133886182 0.8962933446412309 0.20582619773561953 0.9579259119517565
0.8968267934361508 0.062373127113725 0.9346023574865837 0.8393724185167988
0.15784001225323274 0.4980653164892309 0.5486519436549835 0.553881631465805
0.1024994083998011 0.2971141657337121 0.34539899883781866 0.6845301268559075
