3
10
0.10867898908166085 0.747651079070013 0.6619705315802067 0.873134573722701
0.4236824729722861 0.41321314853266145 0.8862112235811338 0.9211049372836018
0.6179799810191077 0.578839300258062 0.9830312772022308 0.7932728730843137
0.3511767594519185 0.7367680296047286 0.49748664689105526 0.7669254013164035
0.2887458725022929 0.8614816351440615 0.4092485865168934 0.9879364095595741
0.15214877542757121 0.9392891082705135 0.2443632103067329 0.965909527684937
0.8416604417854078 0.9162560477507022 0.9015028718108393 0.9253301744151458
0.44756180327686224 0.12974060190252878 0.47934656887103344 0.38469584088626924
0.5643773212417268 0.2694483664007721 0.9107011466298757 0.767248806424381
0.048436176147088505 0.9402216266826043 0.46122008076577165 0.9900502771619268
