0.07401785166751373 0.9087486854476783
0.0837987242718303 0.9087486854476783
0.09685373050553892 0.5192524590856318
0.7476816093844411 0.5192524590856318
0.1067373603475521 0.08806891340082523
0.1067373603475521 0.28237111084037625
0.13863831722555608 0.5192524590856318
0.3911219787388227 0.5192524590856318
0.13863831722555608 0.4781605827356265
0.3911219787388227 0.4781605827356265
0.13863831722555608 0.4849847223314824
0.3911219787388227 0.4849847223314824
0.13863831722555608 0.6710752640019549
0.3911219787388227 0.6710752640019549
0.3911219787388227 0.6838875113437572
0.3911219787388227 0.8770324754649421
0.17190240310927052 0.3087979262687127
0.3911219787388227 0.4426354303657567
0.34910149841660376 0.18182589721625808
0.17190240310927052 0.28237111084037625
0.23372626961001808 0.5192524590856318
0.5730319632906282 0.5192524590856318
0.23372626961001808 0.18182589721625808
0.23372626961001808 0.4426354303657567
0.23372626961001808 0.3087979262687127
0.3911219787388227 0.5912009813918289
0.34910149841660376 0.16389334656094046
0.23372626961001808 0.28237111084037625
0.23372626961001808 0.4781605827356265
0.5730319632906282 0.4781605827356265
0.23372626961001808 0.4849847223314824
0.5730319632906282 0.4849847223314824
0.27315820302770555 0.9087486854476783
0.40797587931649515 0.9087486854476783
0.27315820302770555 0.9473265230055868
0.40797587931649515 0.9473265230055868
0.27315820302770555 0.6838875113437572
0.40797587931649515 0.6838875113437572
0.27315820302770555 0.8770324754649421
0.40797587931649515 0.8770324754649421
0.3911219787388227 0.6010100610187901
0.27315820302770555 0.8937147924962993
0.27315820302770555 0.6710752640019549
0.40797587931649515 0.6710752640019549
0.3230445327199747 0.5192524590856318
0.7574835335191623 0.5192524590856318
0.5541769465094935 0.3493878656834163
0.3230445327199747 0.4426354303657567
0.3911219787388227 0.3493878656834163
0.3911219787388227 0.556406274539377
0.6462554846792496 0.3493878656834163
0.3230445327199747 0.4781605827356265
0.5730319632906282 0.3493878656834163
0.5730319632906282 0.556406274539377
0.3230445327199747 0.4849847223314824
0.7476816093844411 0.556406274539377
0.3566213481097331 0.9087486854476783
0.37879091784131824 0.9087486854476783
0.3566213481097331 0.9473265230055868
0.37879091784131824 0.9473265230055868
0.3566213481097331 0.6838875113437572
0.37879091784131824 0.6838875113437572
0.3566213481097331 0.8770324754649421
0.37879091784131824 0.8770324754649421
0.3566213481097331 0.8937147924962993
0.37879091784131824 0.8937147924962993
0.3566213481097331 0.6710752640019549
0.37879091784131824 0.6710752640019549
0.54770804197478 0.6710752640019549
0.7034696271171906 0.6710752640019549
0.8376758208345209 0.7513523424092359
0.6640260920807611 0.9087486854476783
0.6640260920807611 0.9473265230055868
0.6640260920807611 0.9729537048984187
0.6770568068703033 0.5192524590856318
0.6819684454526141 0.5192524590856318
0.6770568068703033 0.6510136448551188
0.6819684454526141 0.6510136448551188
0.6770568068703033 0.6802813229925426
0.6819684454526141 0.6802813229925426
0.6770568068703033 0.7513523424092359
0.6819684454526141 0.7513523424092359
0.6770568068703033 0.3493878656834163
0.6819684454526141 0.3493878656834163
0.6770568068703033 0.556406274539377
0.6819684454526141 0.556406274539377
0.6770568068703033 0.4849847223314824
0.6819684454526141 0.4849847223314824
0.6770568068703033 0.6710752640019549
0.6819684454526141 0.6710752640019549
0.8520159284149629 0.7513523424092359
0.8661328568658435 0.7513523424092359
0.9716126097872915 0.8259121788342716
0.9716126097872915 0.8529507938919164

4.591599
