1
10
0.3760652256663993 0.21902964539736935 0.4539454595314491 0.27536474898404895
0.7959389403774936 0.49837077239222016 0.9859773507512366 0.6225796774918184
0.5185515409651577 0.5084974250817567 0.656638802661178 0.5678862497016837
0.27241775362199905 0.2539222359585378 0.7786786277405771 0.8313793441265133
0.8071124334433909 0.6878993604872821 0.8679403579819263 0.8668223098713843
0.7203415455204639 0.9773115772810266 0.9976321024233392 0.980109892174401
0.08668708336647002 0.6449411638013327 0.35348620848131784 0.9832087859252292
0.3880236546976763 0.17629751155620554 0.43882922200765645 0.9405011532722055
0.23180114113041117 0.28779947941624917 0.24731747970067744 0.4853625154249098
0.8952168080355631 0.6070496831870658 0.9541331896857929 0.8529202625342385
