1
10
0.9184275493184071 0.5910020325241971 0.923346075718669 0.8602777530388095
0.18363091583947533 0.48752935692267707 0.9886037397526698 0.8629430469009396
0.6629116232547798 0.1560033838947532 0.9309597320026846 0.42986318530607703
0.2990706594913819 0.15555072188855923 0.4960472595508586 0.6435494918857353
0.8936802714375838 0.6580639788955459 0.895228167333894 0.8306851154446152
0.5407030568698935 0.2672981091687726 0.626861581085629 0.8644513941120376
0.9749851046157009 0.35566777635404057 0.9950859676552796 0.921509715144279
0.6080663978936577 0.739716474990528 0.6793303094997011 0.7705992781208505
0.31236876522272783 0.9290394397364733 0.39103150017260135 0.9475699313161329
0.2903347320056521 0.5198797486688173 0.7030601253888215 0.9999443606099832
